PreprocessorDefinitions=
Techniques=GTUV50@GTU.fx,AdvancedCRT@CRT.fx
TechniqueSorting=GTUV50@GTU.fx,AdvancedCRT@CRT.fx

[CRT.fx]
Amount=1.000000
Angle=0.000000,0.000000
Brightness=2.000000
CornerSize=0.015000
Curvature=0
CurvatureRadius=1.500000
Gamma=2.400000
MonitorGamma=2.400000
Oversample=4294967295
Overscan=1.000000
Resolution=4.200000
ScanlineGaussian=1
ScanlineIntensity=2
ViewerDistance=2.000000

[GTU.fx]
blackLevel=0.010000
compositeConnection=0
contrast=1.000000
noScanlines=2147483648
signalResolution=1024.000000
signalResolutionI=83.000000
signalResolutionQ=25.000000
texture_sizeX=1920.000000
texture_sizeY=1080.000000
tvVerticalResolution=1024.000000
video_sizeX=1920.000000
video_sizeY=1080.000000

